Nº Nodos Inspeccionados: 94
Nodos inspeccionados: (5, 1), (4, 2), (6, 2), (7, 3), (6, 3), (8, 4), (7, 2), (7, 4), (8, 3), (8, 2), (5, 2), (6, 4), (5, 3), (9, 4), (10, 5), (10, 4), (9, 3), (5, 4), (9, 2), (10, 3), (11, 5), (11, 4), (10, 6), (11, 7), (12, 6), (10, 2), (11, 6), (10, 7), (12, 7), (12, 8), (12, 5), (4, 3), (11, 3), (11, 2), (12, 4), (10, 8), (11, 8), (12, 9), (12, 2), (4, 4), (11, 9), (13, 10), (12, 3), (13, 4), (13, 3), (3, 3), (10, 9), (3, 2), (12, 10), (13, 2), (3, 4), (11, 10), (13, 11), (10, 10), (12, 11), (10, 11), (13, 12), (11, 12), (11, 11), (14, 11), (2, 4), (12, 12), (10, 12), (9, 10), (14, 4), (14, 10), (14, 12), (2, 3), (2, 2), (9, 11), (14, 3), (14, 2), (14, 13), (13, 14), (9, 12), (15, 12), (13, 15), (14, 9), (14, 14), (14, 15), (8, 11), (13, 16), (15, 11), (15, 13), (8, 10), (14, 16), (8, 12), (15, 10), (15, 3), (15, 2), (15, 4), (12, 15), (15, 14), (13, 17), 
Nº de nodos generados: 117
Nodos generados:
(5, 1), (4, 2), (5, 2), (6, 2), (3, 2), (3, 3), (4, 3), (5, 3), (7, 2), (6, 3), (7, 3), (8, 2), (8, 3), (6, 4), (7, 4), (8, 4), (5, 4), (9, 3), (9, 4), (9, 2), (4, 4), (10, 3), (10, 4), (10, 5), (11, 4), (11, 5), (10, 6), (11, 6), (11, 3), (10, 2), (11, 2), (12, 4), (12, 5), (12, 6), (12, 3), (10, 7), (11, 7), (12, 7), (10, 8), (11, 8), (12, 8), (11, 9), (12, 9), (13, 4), (3, 4), (12, 2), (13, 3), (10, 9), (11, 10), (12, 10), (13, 10), (13, 2), (10, 10), (14, 9), (14, 10), (12, 11), (13, 11), (14, 11), (14, 3), (14, 4), (14, 2), (2, 2), (2, 3), (2, 4), (9, 10), (11, 11), (10, 11), (12, 12), (13, 12), (14, 12), (9, 11), (11, 12), (9, 12), (10, 12), (14, 13), (15, 10), (15, 11), (15, 12), (8, 10), (8, 11), (15, 3), (15, 4), (15, 9), (15, 13), (8, 12), (15, 2), (13, 14), (14, 14), (15, 14), (12, 14), (12, 15), (13, 15), (14, 15), (16, 11), (16, 12), (16, 13), (12, 16), (13, 16), (14, 16), (14, 8), (15, 8), (15, 15), (15, 16), (7, 10), (7, 11), (7, 12), (13, 17), (16, 10), (16, 14), (16, 9), (16, 2), (16, 3), (16, 4), (11, 14), (11, 15), (11, 16), (16, 15), 
Coste Camino = 103
Camino:
(13, 17) , (13, 16) , (13, 15) , (13, 14) , (14, 13) , (13, 12) , (13, 11) , (13, 10) , (12, 9) , (12, 8) , (11, 7) , (10, 6) , (10, 5) , (9, 4) , (8, 4) , (7, 3) , (6, 2) , (5, 1) , 
17x17
1 1 1 1 1 1 1 1 1 1 1 1 1 1 1 1 1 
1 0 0 0 1 0 0 0 0 0 0 0 0 0 0 0 1 
1 0 0 0 1 0 0 0 0 0 0 0 0 0 0 0 1 
1 0 0 0 1 0 0 0 0 0 0 0 0 0 0 0 1 
3 0 0 0 1 0 0 0 1 0 0 0 1 1 1 1 1 
1 5 0 0 1 0 0 0 1 0 0 0 1 0 0 0 1 
1 0 5 0 1 0 0 0 1 0 0 0 1 0 0 0 1 
1 0 0 5 1 0 0 0 1 0 0 0 1 0 0 0 1 
1 0 0 5 1 1 1 1 1 0 0 0 1 0 0 0 1 
1 0 0 0 5 5 0 0 0 0 0 0 1 0 0 0 1 
1 0 0 0 0 0 5 0 0 0 0 0 1 0 0 0 1 
1 0 0 0 0 0 0 5 5 0 0 0 1 0 0 0 1 
1 0 0 0 1 1 1 1 1 5 5 5 1 5 5 5 4 
1 0 0 0 1 0 0 0 0 0 0 0 5 0 0 0 1 
1 0 0 0 1 0 0 0 0 0 0 0 0 0 0 0 1 
1 0 0 0 1 0 0 0 0 0 0 0 0 0 0 0 1 
1 1 1 1 1 1 1 1 1 1 1 1 1 1 1 1 1 

