Nº Nodos Inspeccionados: 128
Nodos inspeccionados: (10, 1), (9, 2), (10, 2), (8, 3), (9, 3), (8, 2), (7, 4), (8, 4), (7, 3), (6, 5), (6, 4), (9, 4), (7, 5), (7, 2), (5, 5), (6, 3), (8, 5), (5, 4), (6, 2), (7, 6), (11, 2), (9, 5), (5, 3), (8, 6), (6, 7), (4, 5), (9, 6), (5, 2), (3, 6), (11, 3), (4, 4), (7, 7), (5, 8), (4, 3), (8, 7), (5, 7), (6, 8), (4, 9), (3, 5), (2, 7), (9, 7), (2, 6), (4, 2), (3, 7), (3, 10), (11, 4), (3, 4), (7, 8), (5, 9), (4, 8), (6, 9), (2, 8), (3, 3), (4, 10), (8, 8), (3, 9), (2, 11), (4, 7), (2, 5), (3, 8), (9, 8), (2, 10), (3, 2), (11, 5), (5, 10), (7, 9), (2, 3), (2, 12), (6, 10), (2, 9), (4, 11), (12, 3), (8, 9), (7, 10), (9, 9), (2, 2), (11, 6), (5, 11), (12, 2), (12, 4), (8, 10), (2, 13), (4, 12), (6, 11), (9, 10), (11, 7), (5, 12), (7, 11), (8, 11), (4, 13), (6, 12), (12, 5), (2, 14), (11, 8), (9, 11), (7, 12), (5, 13), (6, 13), (2, 15), (12, 6), (4, 14), (8, 12), (13, 4), (9, 12), (11, 9), (7, 13), (5, 14), (2, 16), (6, 14), (13, 3), (12, 7), (4, 15), (8, 13), (7, 14), (13, 2), (9, 13), (13, 5), (5, 15), (11, 10), (2, 17), (12, 8), (8, 14), (6, 15), (9, 14), (11, 11), (7, 15), (13, 6), (2, 18), 
Nº de nodos generados: 140
Nodos generados:
(10, 1), (9, 2), (10, 2), (11, 2), (8, 2), (8, 3), (9, 3), (11, 3), (7, 2), (7, 3), (7, 4), (8, 4), (9, 4), (6, 3), (6, 4), (6, 5), (7, 5), (8, 5), (9, 5), (6, 2), (5, 4), (5, 5), (7, 6), (5, 3), (8, 6), (4, 4), (4, 5), (5, 2), (9, 6), (4, 3), (6, 7), (7, 7), (8, 7), (12, 2), (12, 3), (4, 2), (9, 7), (5, 7), (5, 8), (6, 8), (7, 8), (3, 4), (3, 5), (3, 6), (2, 5), (2, 6), (2, 7), (3, 7), (4, 7), (11, 4), (12, 4), (3, 3), (8, 8), (4, 8), (4, 9), (5, 9), (6, 9), (3, 2), (9, 8), (7, 9), (3, 8), (3, 9), (3, 10), (4, 10), (5, 10), (2, 8), (2, 9), (2, 10), (2, 11), (4, 11), (11, 5), (12, 5), (2, 3), (8, 9), (6, 10), (7, 10), (2, 2), (5, 11), (9, 9), (2, 12), (11, 6), (12, 6), (6, 11), (8, 10), (2, 13), (7, 11), (4, 12), (5, 12), (13, 2), (13, 3), (13, 4), (9, 10), (8, 11), (11, 7), (12, 7), (6, 12), (13, 5), (9, 11), (2, 14), (4, 13), (5, 13), (7, 12), (11, 8), (12, 8), (6, 13), (8, 12), (9, 12), (4, 14), (5, 14), (7, 13), (13, 6), (2, 15), (11, 9), (12, 9), (8, 13), (6, 14), (7, 14), (2, 16), (13, 7), (4, 15), (5, 15), (9, 13), (11, 10), (12, 10), (8, 14), (6, 15), (2, 17), (3, 17), (7, 15), (13, 8), (9, 14), (8, 15), (11, 11), (12, 11), (2, 18), (13, 9), (9, 15), (11, 12), (12, 12), (8, 16), 
Coste Camino = 101
Camino:
(2, 18) , (2, 17) , (2, 16) , (2, 15) , (2, 14) , (2, 13) , (2, 12) , (2, 11) , (3, 10) , (4, 9) , (5, 8) , (6, 7) , (7, 6) , (7, 5) , (7, 4) , (8, 3) , (9, 2) , (10, 1) , 
14x18
1 1 1 1 1 1 1 1 1 1 1 1 1 1 1 1 1 1 
1 0 0 1 0 0 0 0 0 0 5 5 5 5 5 5 5 4 
1 0 0 0 0 0 0 0 0 5 1 1 1 1 1 1 0 1 
1 0 0 0 0 1 0 0 5 0 0 0 0 0 0 1 0 1 
1 0 0 0 0 1 0 5 0 0 0 0 0 0 0 1 0 1 
1 0 0 0 0 1 5 0 0 0 0 0 0 0 0 1 0 1 
1 0 0 5 5 5 0 0 0 0 0 0 0 0 0 1 0 1 
1 0 5 0 0 0 0 0 0 0 0 0 0 0 0 0 0 1 
1 5 0 0 0 0 0 0 0 0 0 0 0 0 0 0 0 1 
3 0 1 1 1 1 1 1 1 1 1 1 1 1 1 1 1 1 
1 0 0 0 0 0 0 0 0 0 0 0 0 0 0 0 0 1 
1 0 0 0 0 0 0 0 0 0 0 0 0 0 0 0 0 1 
1 0 0 0 0 0 0 0 0 0 0 0 0 0 0 0 0 1 
1 1 1 1 1 1 1 1 1 1 1 1 1 1 1 1 1 1 

